Termino	D1	D2	D3	D4	D5	D6	D7	D8	D9	D10	D11	D12	D13	D14	D15	D16	D17	D18	D19	D20
cad	0	1	1	1	1	1	1	1	1	0	0	0	0	0	0	0	1	1	1	1
text	1	0	0	0	0	0	0	0	0	0	0	1	0	1	1	1	0	0	0	0
lorem	1	0	0	0	0	0	0	0	0	0	0	1	0	1	1	0	0	0	0	0
ipsum	1	0	0	0	0	0	0	0	0	0	0	1	0	1	1	0	0	0	0	0
hac	1	0	1	1	0	0	0	0	1	0	1	1	0	1	1	0	0	0	0	0
encontr	0	1	1	1	1	1	1	0	1	0	0	0	0	1	0	0	0	1	0	0
mientr	0	0	0	0	0	1	0	1	1	1	0	1	1	0	0	0	0	1	0	0
vid	0	1	1	0	0	0	1	1	0	0	0	0	0	0	0	0	0	1	1	1
llen	0	1	1	0	1	0	0	1	0	1	0	0	1	0	0	0	0	0	1	0
palabr	0	0	0	0	1	0	0	0	0	0	0	0	0	1	1	1	1	0	0	0
mas	1	0	0	0	0	0	0	0	1	0	0	1	0	1	1	0	0	0	0	0
moment	0	0	0	1	0	0	0	1	0	0	1	0	0	0	0	0	0	0	1	1
medi	0	1	1	1	0	0	1	0	0	0	1	0	0	0	1	0	0	0	0	0
naturalez	0	1	0	0	0	1	1	1	0	0	0	0	0	0	0	0	0	0	1	0
gener	0	0	0	0	1	0	0	0	1	0	0	0	0	0	1	0	0	0	0	0
libr	1	1	0	0	1	0	0	0	0	0	0	0	0	1	1	0	0	0	0	0
encuentr	0	0	1	1	0	0	0	0	0	0	0	1	0	0	1	0	0	1	0	0
rincon	0	0	0	1	1	1	0	0	0	0	0	0	0	0	0	0	1	0	0	1
latin	0	0	0	0	0	0	0	0	0	0	0	0	0	1	1	0	0	0	0	0
seren	0	1	0	0	0	1	1	1	0	0	0	0	0	0	0	0	0	0	0	0
bellez	0	1	0	0	0	1	0	1	0	0	0	0	0	0	0	0	1	0	1	0
import	0	0	0	0	0	0	0	0	0	1	1	0	1	0	0	0	0	0	1	0
histori	0	1	1	0	0	1	0	0	0	0	0	0	0	0	0	0	1	1	0	0
años	1	0	0	0	0	0	0	0	1	0	0	1	0	1	0	0	0	0	0	0
pasaj	1	0	0	0	0	0	0	0	0	0	0	0	0	1	1	0	0	0	0	0
silenci	0	0	0	0	1	0	1	0	0	0	1	0	0	0	0	0	0	0	0	0
recordatori	0	0	0	0	0	1	0	1	0	1	0	0	0	0	0	0	0	0	1	0
desconoc	1	0	0	1	0	0	0	0	0	1	0	0	0	0	0	0	1	0	0	0
año	1	0	0	0	0	0	0	0	0	0	0	0	0	1	0	0	0	0	0	0
corpus	0	0	0	0	0	0	0	0	0	0	0	0	0	0	0	1	0	0	0	0
visit	0	1	0	1	0	1	0	1	0	0	0	0	0	0	0	0	0	0	0	0
vient	0	1	0	0	0	0	1	1	0	0	0	0	0	0	0	0	0	1	0	0
montañ	0	0	0	0	0	0	1	1	0	0	0	0	0	0	0	0	0	0	0	0
susurr	0	1	0	0	0	0	1	0	0	0	0	0	0	0	0	0	0	1	0	0
telefon	0	0	0	0	0	0	0	0	0	0	1	0	1	0	0	0	0	0	0	0
ejempl	1	0	0	0	0	0	0	0	0	0	0	1	0	0	0	1	0	0	0	0
viaj	0	0	1	0	0	0	0	0	1	0	0	0	0	0	0	0	1	0	0	1
mund	0	1	0	0	1	0	0	0	0	0	0	0	0	0	0	0	1	0	1	0
lenguaj	0	0	0	0	0	0	0	0	0	0	0	0	0	0	1	1	0	0	0	0
promes	0	0	1	0	1	0	0	0	0	0	0	0	0	0	0	0	0	1	0	0
hoj	1	1	0	0	0	0	1	0	0	0	0	0	0	0	0	0	0	0	0	0
corazon	0	0	0	0	0	0	1	0	0	0	0	0	0	0	0	0	1	0	0	1
present	0	0	0	1	0	0	0	0	0	0	1	0	1	0	0	0	0	0	0	0
humor	0	0	0	0	0	0	0	0	0	0	0	1	0	0	1	0	0	0	0	0
plat	0	0	0	1	0	0	0	0	1	1	0	0	0	0	0	0	0	0	0	0
com	1	1	1	0	0	0	1	0	1	1	0	1	0	0	0	1	0	1	0	0
maner	1	0	0	0	0	0	0	0	0	0	1	0	0	0	1	0	0	0	0	0
paz	0	1	0	0	0	0	1	1	0	0	0	0	0	0	0	0	0	0	0	0
caf	0	0	1	1	0	0	0	0	0	0	0	0	0	0	0	0	0	0	0	0
conten	0	0	0	0	0	0	0	0	0	0	0	1	0	0	0	0	0	0	0	0
mezcl	1	0	0	1	1	0	0	0	0	0	0	0	0	0	0	0	0	0	0	0
pagin	0	1	0	0	1	0	0	0	0	0	0	1	0	0	0	0	0	0	0	0
mir	0	0	0	0	0	0	0	0	0	1	0	1	1	0	0	0	0	0	0	0
oportun	0	0	0	1	0	0	1	0	0	0	0	0	0	0	0	0	0	1	0	0
noch	0	0	1	0	0	0	0	0	0	0	0	0	0	0	0	0	0	0	1	0
recuerd	0	0	0	0	0	0	0	0	0	0	0	0	0	0	0	0	0	0	0	1
line	0	0	0	0	0	0	0	0	0	0	0	0	0	1	0	0	1	0	0	0
espiritu	0	1	0	0	0	0	1	1	0	0	0	0	0	0	0	0	0	0	0	0
dia	0	0	1	1	0	0	0	0	0	0	0	0	0	0	0	0	0	1	0	0
tierr	0	1	0	0	0	0	1	0	0	0	0	0	0	0	0	0	0	0	0	0
antigu	0	1	0	0	0	0	1	0	0	0	0	0	0	0	0	0	0	1	0	0
trat	0	0	0	0	0	0	0	0	0	1	0	0	1	1	0	0	0	0	0	0
son	0	0	1	0	0	0	0	0	0	0	1	0	0	1	0	1	0	0	0	1
univers	0	0	0	0	1	0	0	0	0	0	0	0	0	1	0	0	0	0	1	0
usar	0	0	0	0	0	0	0	0	0	0	0	1	0	0	0	1	0	0	0	0
vec	0	0	0	0	0	0	0	0	0	0	0	1	1	0	0	0	0	0	0	0
estrell	0	0	1	0	0	0	0	0	0	0	0	0	0	0	0	0	1	0	1	0
experient	0	0	0	0	0	0	0	0	0	1	1	0	0	0	0	0	0	0	0	1
arom	0	1	0	1	0	0	0	0	0	0	0	0	0	0	0	0	0	0	0	0
seccion	0	0	0	0	0	0	0	0	0	0	0	0	0	1	0	0	0	0	0	0
explor	0	0	0	0	1	0	1	0	1	0	0	0	0	0	0	0	0	0	0	0
version	1	0	0	0	0	0	0	0	0	0	0	1	0	1	0	0	0	0	0	0
habi	0	0	0	0	0	0	0	0	1	0	1	0	0	0	0	0	0	0	0	0
vien	0	0	0	0	0	0	0	0	0	0	0	0	0	1	0	0	0	0	0	0
reproduc	0	0	0	0	0	0	0	0	0	0	1	0	0	1	0	0	0	0	0	0
rellen	1	0	0	0	0	0	0	0	0	0	0	0	0	0	0	0	0	0	0	0
refugi	0	1	0	0	1	0	1	0	0	0	0	0	0	0	0	0	0	0	0	0
vist	0	0	0	0	0	1	1	1	0	0	0	0	0	0	0	0	0	0	0	0
cotidian	0	1	0	1	0	0	0	1	0	0	0	0	0	0	0	0	0	0	0	0
escrit	0	0	0	0	1	0	0	0	0	0	0	0	0	1	0	1	0	0	0	0
escond	0	0	1	0	0	0	0	0	0	0	0	0	0	0	1	0	0	0	0	0
letr	0	0	0	0	1	0	0	0	0	0	0	1	0	0	0	0	0	0	0	0
leccion	0	0	0	0	0	0	0	0	0	0	0	0	1	0	0	0	0	1	0	0
disfrut	0	0	0	1	0	0	0	0	0	1	0	0	0	0	0	0	0	0	0	0
languag	0	0	0	0	0	0	0	0	0	0	0	0	0	0	0	1	0	0	0	0
acarici	0	0	0	0	0	1	0	1	0	0	0	0	0	0	0	0	0	0	0	0
hech	0	0	0	1	0	0	0	0	0	0	0	1	0	0	0	0	0	0	0	0
especial	0	0	0	1	0	0	0	1	0	0	0	0	0	0	0	0	0	0	0	0
esper	0	0	0	0	0	0	0	0	0	0	0	0	0	0	0	0	1	1	0	0
internet	0	0	0	0	0	0	0	0	0	0	0	0	0	0	1	0	0	0	0	0
linguist	0	0	0	0	0	0	0	0	0	0	0	0	0	0	0	1	0	0	0	0
estan	0	0	1	1	0	0	0	0	0	0	0	0	0	0	0	0	0	0	0	0
inmens	0	0	0	0	0	0	0	1	0	0	0	0	0	0	0	0	0	0	1	0
imprent	1	0	0	0	0	0	0	0	0	0	0	0	0	0	0	0	0	0	0	0
estand	1	0	0	0	0	0	0	0	0	0	0	0	0	1	0	0	0	0	0	0
estudi	0	0	0	0	0	0	0	0	0	0	1	0	0	0	0	1	0	0	0	0
ilumin	0	0	0	1	0	0	0	0	0	0	0	0	0	0	0	0	0	1	0	0
extiend	0	0	0	0	0	1	0	0	0	0	0	0	0	0	0	0	0	1	0	0
grandez	0	0	0	0	0	1	0	1	0	0	0	0	0	0	0	0	0	0	0	0
igual	1	0	0	1	0	0	0	0	0	0	0	0	0	0	0	0	0	0	0	0
horizont	0	0	0	0	0	1	0	1	0	0	0	0	0	0	0	0	0	0	0	0
invit	0	0	0	0	0	0	1	0	0	0	1	0	0	0	0	0	0	0	0	0
original	1	0	0	0	0	0	0	0	0	0	0	0	0	1	0	0	0	0	0	0
literatur	0	0	0	0	1	0	0	0	0	0	0	0	0	1	0	0	0	0	0	0
situacion	0	0	0	0	0	0	0	0	1	0	0	0	1	0	0	0	0	0	0	0
result	0	0	0	0	0	0	0	0	1	0	0	1	0	0	0	0	0	0	0	0
ris	0	0	0	0	0	0	0	0	0	0	0	0	1	0	0	0	0	0	0	1
rode	0	0	0	0	0	1	0	0	0	0	0	0	0	0	0	0	1	0	0	0
rostr	0	0	1	0	0	0	0	1	0	0	0	0	0	0	0	0	0	0	0	0
sabor	0	0	0	1	0	0	0	0	1	0	0	0	0	0	0	0	0	0	0	0
secret	0	0	0	0	0	1	0	0	0	0	0	0	0	0	0	0	0	0	1	0
siempr	0	0	0	0	0	0	0	0	0	1	0	0	0	0	1	0	0	0	0	0
simplement	1	0	0	0	0	0	0	0	0	0	0	0	0	1	0	0	0	0	0	0
siti	0	0	0	0	0	0	0	0	0	0	0	1	0	0	0	0	0	0	0	0
sol	1	0	0	0	0	0	0	0	0	0	0	0	0	0	0	0	0	1	0	0
local	0	0	0	0	0	0	0	0	1	1	0	0	0	0	0	0	0	0	0	0
sorprend	0	0	0	0	0	0	0	0	0	1	0	0	1	0	0	0	0	0	0	0
tambi	1	0	0	0	0	0	0	0	0	0	0	0	0	1	0	0	0	0	0	0
taz	0	0	0	1	0	0	0	0	0	0	0	0	0	0	0	0	0	0	0	0
tiemp	0	0	0	0	0	0	0	0	0	0	1	1	0	0	0	0	0	0	0	0
troz	0	0	0	0	0	0	0	0	0	0	0	0	0	1	1	0	0	0	0	0
unic	0	0	1	0	0	0	0	0	0	0	0	0	0	0	1	0	0	0	0	0
usan	0	0	0	0	0	0	0	0	0	0	0	1	0	0	0	0	0	0	0	0
uso	1	0	0	0	0	0	0	0	0	0	0	0	0	0	0	1	0	0	0	0
verific	0	0	0	0	0	0	0	0	0	0	0	0	1	0	0	1	0	0	0	0
regal	0	0	0	0	0	0	0	1	0	0	0	0	0	0	0	0	0	0	1	0
reflexion	0	0	0	0	1	1	0	0	0	0	0	0	0	0	0	0	0	0	0	0
recorr	0	0	0	0	0	1	0	0	0	0	0	0	0	0	0	0	0	1	0	0
pued	0	0	0	0	0	0	0	0	0	0	0	1	0	0	1	0	0	0	0	0
lug	0	0	0	0	0	1	0	1	0	0	0	0	0	0	0	0	0	0	0	0
lugar	0	0	0	0	1	0	0	0	0	1	0	0	0	0	0	0	0	0	0	0
magic	0	0	0	0	1	0	0	0	0	0	0	0	0	0	0	0	1	0	0	0
malorum	0	0	0	0	0	0	0	0	0	0	0	0	0	1	0	0	0	0	0	0
mar	0	0	0	0	0	1	0	0	0	0	0	0	0	0	0	0	0	0	0	0
med	0	0	0	0	0	0	0	0	1	0	0	0	0	0	0	0	0	0	0	1
menud	0	1	0	0	0	0	1	0	0	0	0	0	0	0	0	0	0	0	0	0
much	0	0	0	0	0	0	0	0	0	0	0	1	0	0	1	0	0	0	0	0
nuev	0	0	0	0	1	0	0	0	0	0	0	0	0	0	0	0	0	1	0	0
nunc	0	0	1	0	0	0	0	0	0	1	0	0	0	0	0	0	0	0	0	0
orill	0	0	0	0	0	1	0	0	0	0	0	0	0	0	0	0	0	0	0	0
parec	0	0	0	0	0	0	0	0	0	0	0	1	0	0	1	0	0	0	0	0
pas	0	0	0	0	1	0	0	0	0	0	0	0	0	0	0	0	0	0	1	0
picant	0	0	0	0	0	0	0	0	1	0	0	0	0	0	0	0	0	0	0	0
popul	0	0	0	0	0	0	0	0	0	0	0	0	0	1	0	0	0	0	0	0
principi	0	0	0	0	0	0	0	0	1	0	0	0	0	0	0	1	0	0	0	0
profesor	0	0	0	0	0	0	0	0	0	0	1	0	0	1	0	0	0	0	0	0
profund	0	0	0	0	0	0	1	0	0	0	0	0	0	0	0	0	1	0	0	0
proposit	0	0	0	0	0	0	0	0	0	0	0	1	0	0	0	1	0	0	0	0
descubr	0	0	1	0	1	0	0	0	0	0	0	0	0	0	0	0	0	0	0	0
web	0	0	0	0	0	0	0	0	0	0	0	1	0	0	0	0	0	0	0	0
compart	0	0	0	1	0	0	0	0	0	0	0	0	0	0	0	0	0	0	0	1
condiment	0	0	0	0	0	0	0	0	0	1	0	0	0	0	0	0	0	0	0	0
aleatori	0	0	0	0	0	0	0	0	0	0	0	0	0	1	1	0	0	0	0	0
algun	0	0	0	0	0	0	0	0	1	0	1	1	0	0	1	0	0	0	0	0
dat	0	0	0	0	0	0	0	0	0	0	0	0	0	1	0	1	0	0	0	0
bullici	0	1	1	0	0	0	0	0	0	0	0	0	0	0	0	0	0	0	0	0
alma	0	0	0	0	0	0	0	1	0	0	0	0	0	0	0	0	1	0	0	0
comenz	0	0	0	0	0	0	0	0	0	0	1	0	0	0	0	0	0	0	0	0
cuent	0	1	0	0	0	0	0	0	0	0	0	0	0	0	0	0	0	1	0	0
ancestral	0	1	0	0	0	0	1	0	0	0	0	0	0	0	0	0	0	0	0	0
brill	0	0	1	0	0	0	0	0	0	0	0	0	0	0	0	0	1	0	0	0
bosqu	0	1	0	0	0	0	0	0	0	0	0	0	0	0	0	0	0	0	0	0
bonorum	0	0	0	0	0	0	0	0	0	0	0	0	0	1	0	0	0	0	0	0
conexion	0	1	0	0	0	0	1	0	0	0	0	0	0	0	0	0	0	0	0	0
cim	0	0	0	0	0	0	0	1	0	0	0	0	0	0	0	0	0	0	0	0
crist	0	0	0	0	0	0	0	0	0	0	0	0	0	1	0	0	0	0	0	0
aqui	0	0	0	0	0	0	0	0	0	0	0	1	0	0	0	0	0	0	0	0
cre	0	0	0	1	1	0	0	0	0	0	0	0	0	0	0	0	0	0	0	0
arbol	0	1	0	0	0	0	1	0	0	0	0	0	0	0	0	0	0	0	0	0
corpor	0	0	0	0	0	0	0	0	0	0	0	0	0	0	0	1	0	0	0	0
convers	0	0	0	1	0	0	0	0	0	0	0	0	0	0	0	0	0	0	0	0
baj	0	0	0	0	0	0	0	0	0	0	0	0	0	0	0	0	0	1	1	0
contrari	0	0	0	0	0	0	0	0	0	0	0	1	0	1	0	0	0	0	0	0
avergonz	0	0	0	0	0	0	0	0	0	0	0	0	1	0	1	0	0	0	0	0
contempl	0	0	0	0	0	0	0	1	0	0	0	0	0	0	0	0	0	0	1	0
aventur	0	0	1	0	1	0	0	0	0	0	0	0	0	0	0	0	0	0	0	0
ciud	0	0	1	0	0	0	0	0	0	0	0	0	0	0	0	0	0	0	0	0
autoedicion	1	0	0	0	0	0	0	0	0	0	0	1	0	0	0	0	0	0	0	0
cafeteri	0	0	0	1	0	0	0	0	0	0	0	0	0	0	0	0	0	0	0	0
agreg	0	0	0	0	0	0	0	0	0	0	0	0	0	0	1	0	0	0	0	0
cicer	0	0	0	0	0	0	0	0	0	0	0	0	0	1	0	0	0	0	0	0
celebr	0	1	0	0	0	0	1	0	0	0	0	0	0	0	0	0	0	0	0	0
paus	0	0	0	0	0	0	0	1	0	0	0	0	0	0	0	0	0	0	0	0
razon	0	0	0	0	0	0	0	0	0	0	0	0	0	0	1	0	0	0	0	0
pacient	0	0	0	0	0	0	0	0	0	0	0	0	0	0	0	0	1	0	0	0
reconfort	0	0	0	0	0	0	0	0	0	0	0	0	0	0	0	0	0	0	0	1
recient	1	0	0	0	0	0	0	0	0	0	0	0	0	0	0	0	0	0	0	0
reci	0	0	0	1	0	0	0	0	0	0	0	0	0	0	0	0	0	0	0	0
recarg	0	0	0	0	0	0	1	0	0	0	0	0	0	0	0	0	0	0	0	0
realiz	0	0	0	0	0	0	0	0	0	0	0	0	0	1	0	0	0	0	0	0
pagemak	1	0	0	0	0	0	0	0	0	0	0	0	0	0	0	0	0	0	0	0
rackham	0	0	0	0	0	0	0	0	0	0	0	0	0	1	0	0	0	0	0	0
rapid	0	0	0	0	0	0	0	0	0	0	0	0	1	0	0	0	0	0	0	0
raic	0	0	0	0	0	0	0	0	0	0	0	0	0	1	0	0	0	0	0	0
quit	0	0	0	0	0	0	1	0	0	0	0	0	0	0	0	0	0	0	0	0
quietud	0	0	0	0	0	0	0	0	0	0	0	0	0	0	0	0	0	0	1	0
qued	1	0	0	0	0	0	0	0	0	0	0	0	0	0	0	0	0	0	0	0
punt	0	0	0	0	0	0	0	0	0	0	0	1	0	0	0	0	0	0	0	0
puest	0	0	0	0	0	0	0	0	0	0	1	0	0	0	0	0	0	0	0	0
puert	0	0	0	0	1	0	0	0	0	0	0	0	0	0	0	0	0	0	0	0
bibliotec	0	0	0	0	1	0	0	0	0	0	0	0	0	0	0	0	0	0	0	0
bastant	0	0	0	0	0	0	0	0	1	0	0	0	0	0	0	0	0	0	0	0
bien	0	0	0	0	0	0	0	0	0	0	0	0	0	1	0	0	0	0	0	0
oxford	0	0	0	0	0	0	0	0	0	0	0	0	0	0	0	1	0	0	0	0
resolvi	0	0	0	0	0	0	0	0	0	0	0	0	1	0	0	0	0	0	0	0
resid	0	0	0	0	0	0	0	0	0	0	0	0	0	0	0	0	0	0	0	1
olor	0	0	0	0	1	0	0	0	0	0	0	0	0	0	0	0	0	0	0	0
repeticion	0	0	0	0	0	0	0	0	0	0	0	0	0	0	1	0	0	0	0	0
olvidar	0	0	0	0	0	0	0	0	0	1	0	0	0	0	0	0	0	0	0	0
repet	0	0	0	0	0	0	0	0	0	0	0	0	0	0	1	0	0	0	0	0
renuev	0	1	0	0	0	0	0	0	0	0	0	0	0	0	0	0	0	0	0	0
renac	0	0	0	0	0	0	0	0	0	0	0	0	0	1	0	0	0	0	0	0
cancion	0	0	0	0	0	0	0	0	0	0	1	0	0	0	0	0	0	0	0	0
orig	0	0	0	0	0	0	0	0	0	0	0	0	1	0	0	0	0	0	0	0
azul	0	0	0	0	0	0	0	0	0	0	0	0	0	0	0	0	0	1	0	0
caminat	0	0	0	0	0	0	1	0	0	0	0	0	0	0	0	0	0	0	0	0
band	0	1	0	0	0	0	0	0	0	0	0	0	0	0	0	0	0	0	0	0
camin	0	0	0	0	0	0	0	0	0	0	0	0	0	0	0	0	0	1	0	0
oscur	0	0	0	0	0	0	0	0	0	0	0	0	0	1	0	0	0	0	0	0
reflej	0	0	0	0	0	0	0	0	0	0	0	0	0	0	0	0	1	0	0	0
bar	0	0	1	0	0	0	0	0	0	0	0	0	0	0	0	0	0	0	0	0
puent	0	0	0	0	0	0	0	0	0	0	0	0	0	0	0	0	1	0	0	0
blackwell	0	0	0	0	0	0	0	0	0	0	0	0	0	0	0	1	0	0	0	0
provenient	0	0	0	0	0	0	0	0	0	0	0	0	0	0	1	0	0	0	0	0
camaraderi	0	0	0	1	0	0	0	0	0	0	0	0	0	0	0	0	0	0	0	0
pareci	0	0	0	0	0	0	0	0	1	0	0	0	0	0	0	0	0	0	0	0
poesi	0	0	0	0	0	0	0	0	0	0	0	0	0	0	0	0	1	0	0	0
plural	0	0	0	0	0	0	0	0	0	0	0	0	0	0	0	1	0	0	0	0
play	0	0	0	0	0	1	0	0	0	0	0	0	0	0	0	0	0	0	0	0
parezc	0	0	0	0	0	0	0	0	0	0	0	0	0	0	1	0	0	0	0	0
busc	0	0	0	0	0	0	1	0	0	0	0	0	0	0	0	0	0	0	0	0
pint	0	0	0	0	0	0	0	0	0	0	0	0	0	0	0	0	0	1	0	0
piez	0	0	0	0	0	0	0	0	0	0	0	0	0	1	0	0	0	0	0	0
pierd	0	0	0	0	0	0	0	1	0	0	0	0	0	0	0	0	0	0	0	0
particul	0	0	0	0	0	0	0	0	0	0	0	0	0	0	0	1	0	0	0	0
piel	0	0	0	0	0	1	0	0	0	0	0	0	0	0	0	0	0	0	0	0
busqued	0	0	0	0	0	0	0	0	0	0	0	1	0	0	0	0	0	0	0	0
pes	0	0	0	0	0	0	0	0	0	0	1	0	0	0	0	0	0	0	0	0
person	1	0	0	0	0	0	0	0	0	0	0	0	0	0	0	0	0	0	0	0
pequeñ	0	0	0	1	0	0	0	0	0	0	0	0	0	0	0	0	0	0	0	0
calidez	0	0	0	1	0	0	0	0	0	0	0	0	0	0	0	0	0	0	0	0
pensamient	0	0	0	0	0	0	0	0	0	0	0	0	0	1	0	0	0	0	0	0
call	0	0	1	0	0	0	0	0	0	0	0	0	0	0	0	0	0	0	0	0
populariz	1	0	0	0	0	0	0	0	0	0	0	0	0	0	0	0	0	0	0	0
portal	0	0	0	0	1	0	0	0	0	0	0	0	0	0	0	0	0	0	0	0
palet	0	0	0	1	0	0	0	0	0	0	0	0	0	0	0	0	0	0	0	0
cae	0	1	0	0	0	0	0	0	0	0	0	0	0	0	0	0	0	0	0	0
propi	0	0	1	0	0	0	0	0	0	0	0	0	0	0	0	0	0	0	0	0
pais	0	0	0	0	0	0	0	0	1	0	0	0	0	0	0	0	0	0	0	0
blanc	0	0	0	0	0	0	0	0	0	0	0	0	0	0	0	0	0	1	0	0
paisaj	0	0	0	0	0	0	0	0	0	0	0	0	0	0	0	0	0	1	0	0
calm	0	1	0	0	0	0	0	0	0	0	0	0	0	0	0	0	0	0	0	0
prob	0	0	0	0	0	0	0	0	1	0	0	0	0	0	0	0	0	0	0	0
principal	0	0	0	0	0	0	0	0	0	0	0	0	0	0	0	1	0	0	0	0
practic	0	0	0	0	0	0	0	0	0	0	0	0	0	0	0	1	0	0	0	0
primer	0	0	0	0	0	0	0	0	0	0	0	0	0	1	0	0	0	0	0	0
bris	0	0	0	0	0	1	0	0	0	0	0	0	0	0	0	0	0	0	0	0
papel	0	0	0	0	1	0	0	0	0	0	0	0	0	0	0	0	0	0	0	0
pregunt	0	0	0	0	0	0	0	0	0	0	0	0	0	0	0	0	0	0	1	0
avanz	0	0	0	0	0	0	0	0	0	0	0	0	0	0	0	0	0	0	0	1
predefin	0	0	0	0	0	0	0	0	0	0	0	0	0	0	1	0	0	0	0	0
paquet	0	0	0	0	0	0	0	0	0	0	0	1	0	0	0	0	0	0	0	0
delici	0	0	0	0	0	0	0	0	1	0	0	0	0	0	0	0	0	0	0	0
atardec	0	0	0	0	0	0	0	0	0	0	0	0	0	0	0	0	0	0	1	0
richard	0	0	0	0	0	0	0	0	0	0	0	0	0	1	0	0	0	0	0	0
tesor	0	0	0	0	0	0	0	0	0	0	0	0	0	0	0	0	0	0	0	1
ajetre	0	0	0	0	0	0	1	0	0	0	0	0	0	0	0	0	0	0	0	0
usarl	0	0	0	0	0	0	0	0	0	1	0	0	0	0	0	0	0	0	0	0
alcanz	0	0	0	0	0	1	0	0	0	0	0	0	0	0	0	0	0	0	0	0
aldus	1	0	0	0	0	0	0	0	0	0	0	0	0	0	0	0	0	0	0	0
usam	0	0	0	0	0	0	0	0	0	0	0	1	0	0	0	0	0	0	0	0
usad	0	0	0	0	0	0	0	0	0	0	0	0	0	1	0	0	0	0	0	0
usa	0	0	0	0	0	0	0	0	0	0	0	0	0	0	1	0	0	0	0	0
urban	0	0	1	0	0	0	0	0	0	0	0	0	0	0	0	0	0	0	0	0
universitari	0	0	0	0	0	0	0	0	0	0	1	0	0	0	0	0	0	0	0	0
alegri	0	0	0	0	0	0	0	0	0	0	0	0	0	0	0	0	0	0	0	1
ubic	0	0	0	0	0	0	0	0	0	0	0	0	1	0	0	0	0	0	0	0
trayend	0	0	0	0	0	1	0	0	0	0	0	0	0	0	0	0	0	0	0	0
trav	0	0	0	0	0	0	0	0	0	0	0	1	0	0	0	0	0	0	0	0
alient	0	0	0	0	0	0	1	0	0	0	0	0	0	0	0	0	0	0	0	0
transcripcion	0	0	0	0	0	0	0	0	0	0	0	0	0	0	0	1	0	0	0	0
tranquil	0	0	0	0	0	0	0	0	0	0	0	0	0	0	0	0	0	0	0	1
traduccion	0	0	0	0	0	0	0	0	0	0	0	0	0	1	0	0	0	0	0	0
tradicional	0	0	0	0	0	0	0	0	1	0	0	0	0	0	0	0	0	0	0	0
tint	0	0	0	0	1	0	0	0	0	0	0	0	0	0	0	0	0	0	0	0
tiend	0	0	0	0	0	0	0	0	0	0	0	0	0	0	1	0	0	0	0	0
alter	0	0	0	0	0	0	0	0	0	0	0	0	0	0	1	0	0	0	0	0
util	0	0	0	0	0	0	0	0	0	0	0	0	0	0	1	0	0	0	0	0
utiliz	0	0	0	0	0	0	0	0	0	0	0	0	0	0	1	0	0	0	0	0
vaiv	0	0	0	0	0	1	0	0	0	0	0	0	0	0	0	0	0	0	0	0
afortun	0	0	0	0	0	0	0	0	0	0	0	0	1	0	0	0	0	0	0	0
volum	0	0	0	0	0	0	0	0	0	0	1	0	0	0	0	0	0	0	0	0
voc	0	0	0	1	0	0	0	0	0	0	0	0	0	0	0	0	0	0	0	0
viv	0	0	0	0	0	0	0	0	0	0	0	0	0	0	0	0	0	0	0	1
vital	0	0	1	0	0	0	0	0	0	0	0	0	0	0	0	0	0	0	0	0
accident	0	0	0	0	0	0	0	0	0	0	0	1	0	0	0	0	0	0	0	0
acogedor	0	0	0	1	0	0	0	0	0	0	0	0	0	0	0	0	0	0	0	0
virgini	0	0	0	0	0	0	0	0	0	0	0	0	0	1	0	0	0	0	0	0
acompañ	0	0	0	0	0	0	0	0	0	0	0	0	0	1	0	0	0	0	0	0
adqu	0	0	0	0	0	0	0	0	0	0	0	0	0	1	0	0	0	0	0	0
agit	0	0	0	0	0	0	0	1	0	0	0	0	0	0	0	0	0	0	0	0
val	0	0	0	0	0	0	0	0	0	0	0	0	0	0	1	0	0	0	0	0
vez	0	0	0	0	0	0	0	0	1	0	0	0	0	0	0	0	0	0	0	0
aguard	0	0	0	0	1	0	0	0	0	0	0	0	0	0	0	0	0	0	0	0
verdader	0	0	0	0	0	0	0	0	0	0	0	0	0	0	1	0	0	0	0	0
ven	0	0	0	0	1	0	0	0	0	0	0	0	0	0	0	0	0	0	0	0
air	0	0	0	0	0	0	0	0	0	0	0	0	0	0	0	0	0	0	1	0
vast	0	0	0	0	1	0	0	0	0	0	0	0	0	0	0	0	0	0	0	0
vas	0	0	0	0	0	0	0	0	0	0	0	0	0	0	1	0	0	0	0	0
variacion	0	0	0	0	0	0	0	0	0	0	0	0	0	0	1	0	0	0	0	0
vari	0	0	0	0	0	0	0	0	0	0	0	0	0	0	0	1	0	0	0	0
alzan	0	0	0	0	0	0	1	0	0	0	0	0	0	0	0	0	0	0	0	0
teori	0	0	0	0	0	0	0	0	0	0	0	0	0	1	0	0	0	0	0	0
rio	0	0	0	0	0	0	0	0	0	0	0	0	0	0	0	0	0	0	1	0
amet	0	0	0	0	0	0	0	0	0	0	0	0	0	1	0	0	0	0	0	0
aquell	0	0	0	0	0	0	0	0	0	0	0	0	0	1	0	0	0	0	0	0
sid	1	0	0	0	0	0	0	0	0	0	0	0	0	0	0	0	0	0	0	0
ser	0	0	0	0	0	0	0	0	0	0	0	0	0	0	0	0	1	0	0	0
sentimient	0	0	0	0	0	0	0	0	0	0	0	0	0	0	0	0	1	0	0	0
senti	0	0	0	0	0	0	0	0	0	0	0	0	1	0	0	0	0	0	0	0
sentenci	0	0	0	0	0	0	0	0	0	0	0	0	0	0	1	0	0	0	0	0
sender	0	0	0	0	0	0	1	0	0	0	0	0	0	0	0	0	0	0	0	0
segur	0	0	0	0	0	0	0	0	0	0	0	0	0	0	1	0	0	0	0	0
segu	0	0	0	0	0	0	0	0	0	0	0	0	0	1	0	0	0	0	0	0
archiv	1	0	0	0	0	0	0	0	0	0	0	0	0	0	0	0	0	0	0	0
sals	0	0	0	0	0	0	0	0	1	0	0	0	0	0	0	0	0	0	0	0
salin	0	0	0	0	0	1	0	0	0	0	0	0	0	0	0	0	0	0	0	0
sal	0	0	0	0	0	0	0	0	0	0	0	0	1	0	0	0	0	0	0	0
arroy	0	1	0	0	0	0	0	0	0	0	0	0	0	0	0	0	0	0	0	0
sabiduri	0	0	0	0	1	0	0	0	0	0	0	0	0	0	0	0	0	0	0	0
ruid	0	0	0	0	0	0	0	0	0	0	0	0	1	0	0	0	0	0	0	0
ola	0	0	0	0	0	1	0	0	0	0	0	0	0	0	0	0	0	0	0	0
atesor	0	0	0	0	0	0	0	0	0	0	0	0	0	0	0	0	0	0	0	1
ritm	0	0	0	0	0	0	0	0	0	0	0	0	0	0	0	0	1	0	0	0
atmosfer	0	0	0	0	1	0	0	0	0	0	0	0	0	0	0	0	0	0	0	0
riquez	0	0	0	0	0	0	0	0	0	0	0	0	0	0	0	0	0	0	0	1
aprendizaj	0	0	0	0	1	0	0	0	0	0	0	0	0	0	0	0	0	0	0	0
aprendi	0	0	0	0	0	0	0	0	0	0	0	0	1	0	0	0	0	0	0	0
sin	1	0	0	0	0	0	0	0	0	0	0	0	0	0	0	0	0	0	0	0
soñ	0	0	0	0	0	1	0	0	0	0	0	0	0	0	0	0	0	0	0	0
amig	0	0	0	1	0	0	0	0	0	0	0	0	0	0	0	0	0	0	0	0
tal	1	0	0	0	0	0	0	0	0	0	0	0	0	0	0	0	0	0	0	0
anhel	0	1	0	0	0	0	0	0	0	0	0	0	0	0	0	0	0	0	0	0
suspir	0	0	0	0	0	0	0	0	0	0	0	0	0	0	0	0	0	0	1	0
sum	0	0	0	0	0	0	0	0	0	0	0	0	0	0	0	0	0	0	1	0
sufri	0	0	0	0	0	0	0	0	0	0	0	0	0	0	1	0	0	0	0	0
sueñ	0	0	0	0	0	0	0	0	0	0	0	0	0	0	0	0	1	0	0	0
suav	0	0	0	0	0	0	0	0	0	0	0	0	0	0	0	0	0	0	1	0
anim	0	0	0	1	0	0	0	0	0	0	0	0	0	0	0	0	0	0	0	0
sonris	0	0	0	0	0	0	0	0	0	0	0	0	0	0	0	0	0	1	0	0
sinfoni	0	0	0	1	0	0	0	0	0	0	0	0	0	0	0	0	0	0	0	0
sonor	0	1	0	0	0	0	0	0	0	0	0	0	0	0	0	0	0	0	0	0
antigued	0	0	0	0	0	0	0	0	0	0	0	0	0	1	0	0	0	0	0	0
apac	0	0	0	0	1	0	0	0	0	0	0	0	0	0	0	0	0	0	0	0
softwar	1	0	0	0	0	0	0	0	0	0	0	0	0	0	0	0	0	0	0	0
sobrevivi	1	0	0	0	0	0	0	0	0	0	0	0	0	0	0	0	0	0	0	0
apag	0	0	0	0	0	0	0	0	0	0	0	0	1	0	0	0	0	0	0	0
apreci	0	0	0	0	0	0	0	0	0	0	0	0	0	0	0	0	0	0	1	0
sit	0	0	0	0	0	0	0	0	0	0	0	0	0	1	0	0	0	0	0	0
sintact	0	0	0	0	0	0	0	0	0	0	0	0	0	0	0	1	0	0	0	0
olas	0	0	0	0	0	1	0	0	0	0	0	0	0	0	0	0	0	0	0	0
not	0	0	0	0	0	0	0	0	1	0	0	0	0	0	0	0	0	0	0	0
ojos	0	0	0	0	0	0	0	0	0	1	0	0	0	0	0	0	0	0	0	0
cuid	0	0	0	0	0	0	0	0	0	1	0	0	0	0	0	0	0	0	0	0
finibus	0	0	0	0	0	0	0	0	0	0	0	0	0	1	0	0	0	0	0	0
extrem	0	0	0	0	0	0	0	0	0	0	0	0	0	1	0	0	0	0	0	0
extranjer	0	0	0	0	0	0	0	0	1	0	0	0	0	0	0	0	0	0	0	0
crucial	0	0	0	0	0	0	0	0	0	0	1	0	0	0	0	0	0	0	0	0
crystal	0	0	0	0	0	0	0	0	0	0	0	0	0	0	0	1	0	0	0	0
existent	0	0	0	0	0	0	0	0	0	0	0	0	0	0	0	0	0	0	0	1
exact	0	0	0	0	0	0	0	0	0	0	0	0	0	1	0	0	0	0	0	0
evolucion	0	0	0	0	0	0	0	0	0	0	0	1	0	0	0	0	0	0	0	0
event	0	0	0	0	0	0	0	0	0	0	0	0	1	0	0	0	0	0	0	0
etic	0	0	0	0	0	0	0	0	0	0	0	0	0	1	0	0	0	0	0	0
etern	0	0	0	0	0	1	0	0	0	0	0	0	0	0	0	0	0	0	0	0
etc	0	0	0	0	0	0	0	0	0	0	0	0	0	0	1	0	0	0	0	0
cual	1	0	0	0	0	0	0	0	0	0	0	0	0	0	0	0	0	0	0	0
estruend	0	0	0	0	0	0	0	0	0	0	1	0	0	0	0	0	0	0	0	0
estructur	0	0	0	0	0	0	0	0	0	0	0	0	0	0	1	0	0	0	0	0
cubiert	0	0	0	0	0	0	0	0	1	0	0	0	0	0	0	0	0	0	0	0
estil	0	0	0	0	0	0	0	0	0	0	0	1	0	0	0	0	0	0	0	0
estar	0	0	0	0	0	0	0	0	0	0	0	0	0	0	1	0	0	0	0	0
estanteri	0	0	0	0	1	0	0	0	0	0	0	0	0	0	0	0	0	0	0	0
cuerp	0	0	0	0	0	0	0	0	0	0	0	0	0	0	0	1	0	0	0	0
establec	0	0	0	0	0	0	0	0	0	0	0	1	0	0	0	0	0	0	0	0
finnibus	0	0	0	0	0	0	0	0	0	0	0	0	0	1	0	0	0	0	0	0
flu	0	0	1	0	0	0	0	0	0	0	0	0	0	0	0	0	0	0	0	0
form	0	0	0	0	0	0	0	0	0	0	0	0	0	1	0	0	0	0	0	0
creacion	1	0	0	0	0	0	0	0	0	0	0	0	0	0	0	0	0	0	0	0
humed	0	1	0	0	0	0	0	0	0	0	0	0	0	0	0	0	0	0	0	0
human	0	0	0	1	0	0	0	0	0	0	0	0	0	0	0	0	0	0	0	0
huell	0	0	0	0	0	0	0	0	0	0	0	0	0	0	0	0	0	1	0	0
cos	0	0	0	0	0	0	0	0	0	0	0	1	0	0	0	0	0	0	0	0
hipotesis	0	0	0	0	0	0	0	0	0	0	0	0	0	0	0	1	0	0	0	0
cost	0	0	0	0	0	1	0	0	0	0	0	0	0	0	0	0	0	0	0	0
hampdensydney	0	0	0	0	0	0	0	0	0	0	0	0	0	1	0	0	0	0	0	0
haci	0	0	0	0	1	0	0	0	0	0	0	0	0	0	0	0	0	0	0	0
habl	0	0	0	0	0	0	0	0	0	0	0	0	0	0	0	1	0	0	0	0
guardian	0	0	0	0	0	0	1	0	0	0	0	0	0	0	0	0	0	0	0	0
fotografi	0	0	0	0	0	0	0	0	0	0	0	0	0	0	0	0	0	0	0	1
guard	0	0	0	0	0	0	0	0	0	0	0	0	0	0	0	0	0	0	0	1
creibl	0	0	0	0	0	0	0	0	0	0	0	0	0	0	1	0	0	0	0	0
gran	0	0	0	0	0	0	0	0	0	0	0	0	0	0	0	1	0	0	0	0
grab	0	0	0	0	0	0	0	0	0	0	0	0	0	0	0	1	0	0	0	0
crepuscul	0	0	0	0	0	0	0	0	0	0	0	0	0	0	0	0	0	0	1	0
galeri	1	0	0	0	0	0	0	0	0	0	0	0	0	0	0	0	0	0	0	0
fulgor	0	0	0	0	0	0	0	0	0	0	0	0	0	0	0	0	1	0	0	0
fuent	0	0	0	0	0	0	0	0	0	0	0	0	0	1	0	0	0	0	0	0
frent	0	0	0	0	0	0	0	0	0	1	0	0	0	0	0	0	0	0	0	0
esquin	0	0	1	0	0	0	0	0	0	0	0	0	0	0	0	0	0	0	0	0
danz	0	0	0	0	0	1	0	0	0	0	0	0	0	0	0	0	0	0	0	0
ofrec	0	0	0	0	0	0	1	0	0	0	0	0	0	0	0	0	0	0	0	0
especim	1	0	0	0	0	0	0	0	0	0	0	0	0	0	0	0	0	0	0	0
distribucion	0	0	0	0	0	0	0	0	0	0	0	1	0	0	0	0	0	0	0	0
distraer	0	0	0	0	0	0	0	0	0	0	0	1	0	0	0	0	0	0	0	0
distint	0	0	0	0	0	0	0	0	0	0	0	0	0	1	0	0	0	0	0	0
distanci	0	0	0	0	0	1	0	0	0	0	0	0	0	0	0	0	0	0	0	0
dispon	0	0	0	0	0	0	0	0	0	0	0	0	0	0	1	0	0	0	0	0
dedic	1	0	0	0	0	0	0	0	0	0	0	0	0	0	0	0	0	0	0	0
diseñ	0	0	0	0	0	0	0	0	0	0	0	1	0	0	0	0	0	0	0	0
dictionary	0	0	0	0	0	0	0	0	0	0	0	0	0	0	0	1	0	0	0	0
diccionari	0	0	0	0	0	0	0	0	0	0	0	0	0	0	1	0	0	0	0	0
defect	0	0	0	0	0	0	0	0	0	0	0	1	0	0	0	0	0	0	0	0
detuv	0	0	0	0	0	0	0	0	0	0	0	0	1	0	0	0	0	0	0	0
determin	0	0	0	0	0	0	0	0	0	0	0	0	0	0	0	1	0	0	0	0
destell	0	0	0	0	0	0	0	0	0	0	0	0	0	0	0	0	0	0	0	1
desplieg	0	0	0	0	0	0	0	0	0	0	0	0	0	0	0	0	0	1	0	0
descubri	0	0	0	0	0	0	0	0	0	0	0	0	0	1	0	0	0	0	0	0
definit	0	0	0	0	0	0	0	0	0	1	0	0	0	0	0	0	0	0	0	0
descubiert	0	0	0	0	0	0	0	0	0	0	0	0	0	0	0	0	1	0	0	0
dej	0	0	0	0	0	0	0	0	0	0	0	0	0	0	0	0	0	1	0	0
desarroll	0	0	0	0	0	0	0	0	0	0	0	1	0	0	0	0	0	0	0	0
desafi	0	0	0	0	0	0	0	0	0	0	0	0	0	0	0	0	0	1	0	0
desact	0	0	0	0	0	0	0	0	0	0	1	0	0	0	0	0	0	0	0	0
divers	0	0	1	0	0	0	0	0	0	0	0	0	0	0	0	0	0	0	0	0
document	1	0	0	0	0	0	0	0	0	0	0	0	0	0	0	0	0	0	0	0
dolor	0	0	0	0	0	0	0	0	0	0	0	0	0	1	0	0	0	0	0	0
encierr	0	0	0	0	0	0	0	0	0	0	0	0	0	0	0	0	0	0	1	0
dar	0	0	0	0	0	0	0	0	0	0	0	1	0	0	0	0	0	0	0	0
español	0	0	0	0	0	0	0	0	0	0	0	1	0	0	0	0	0	0	0	0
esencial	1	0	0	0	0	0	0	0	0	0	0	0	0	0	0	0	0	0	0	0
dav	0	0	0	0	0	0	0	0	0	0	0	0	0	0	0	1	0	0	0	0
entonc	0	0	0	0	0	0	0	0	0	1	0	0	0	0	0	0	0	0	0	0
energi	0	0	1	0	0	0	0	0	0	0	0	0	0	0	0	0	0	0	0	0
encyclopedic	0	0	0	0	0	0	0	0	0	0	0	0	0	0	0	1	0	0	0	0
debaj	0	0	0	0	0	0	0	0	0	0	0	0	0	1	0	0	0	0	0	0
decidi	0	0	0	0	0	0	0	0	1	0	0	0	0	0	0	0	0	0	0	0
emocion	0	0	0	0	0	0	0	0	0	0	0	0	0	0	0	0	1	0	0	0
dor	0	0	0	0	0	0	0	0	0	0	0	0	0	0	0	0	0	1	0	0
embaraz	0	0	0	0	0	0	0	0	0	0	1	0	0	0	0	0	0	0	0	0
electron	1	0	0	0	0	0	0	0	0	0	0	0	0	0	0	0	0	0	0	0
decor	0	0	0	1	0	0	0	0	0	0	0	0	0	0	0	0	0	0	0	0
efimer	0	0	0	0	0	0	0	0	0	0	0	0	0	0	0	0	0	0	1	0
editor	0	0	0	0	0	0	0	0	0	0	0	1	0	0	0	0	0	0	0	0
eco	0	0	0	0	1	0	0	0	0	0	0	0	0	0	0	0	0	0	0	0
duerm	0	0	1	0	0	0	0	0	0	0	0	0	0	0	0	0	0	0	0	0
dosel	0	0	0	0	0	0	0	0	0	0	0	0	0	0	0	0	0	0	1	0
dos	0	0	0	0	0	0	0	0	0	0	0	0	1	0	0	0	0	0	0	0
ide	0	0	0	0	1	0	0	0	0	0	0	0	0	0	0	0	0	0	0	0
continu	0	0	0	0	0	0	0	0	1	0	0	0	0	0	0	0	0	0	0	0
conteni	1	0	0	0	0	0	0	0	0	0	0	0	0	0	0	0	0	0	0	0
imagin	0	0	0	0	1	0	0	0	0	0	0	0	0	0	0	0	0	0	0	0
ciel	0	0	0	0	0	0	0	0	0	0	0	0	0	0	0	0	0	1	0	0
mes	0	0	0	1	0	0	0	0	0	0	0	0	0	0	0	0	0	0	0	0
merc	0	0	0	0	0	0	0	0	1	0	0	0	0	0	0	0	0	0	0	0
clsic	0	0	0	0	0	0	0	0	0	0	0	0	0	1	0	0	0	0	0	0
men	0	0	0	0	0	0	0	0	0	0	0	1	0	0	0	0	0	0	0	0
memori	0	0	0	0	0	0	0	0	0	0	0	0	0	0	0	0	0	0	0	1
melodi	0	0	0	0	0	0	1	0	0	0	0	0	0	0	0	0	0	0	0	0
cofr	0	0	0	0	0	0	0	0	0	0	0	0	0	0	0	0	0	0	0	1
coleccion	0	0	0	0	0	0	0	0	0	0	0	0	0	0	0	1	0	0	0	0
mcclintock	0	0	0	0	0	0	0	0	0	0	0	0	0	1	0	0	0	0	0	0
mayori	0	0	0	0	0	0	0	0	0	0	0	0	0	0	1	0	0	0	0	0
color	0	0	0	0	0	0	0	0	0	0	0	0	0	0	0	0	0	1	0	0
combin	0	0	0	0	0	0	0	0	0	0	0	0	0	0	1	0	0	0	0	0
maquin	0	0	0	0	0	0	0	0	0	0	0	0	0	0	0	1	0	0	0	0
manten	0	0	0	0	0	0	0	0	0	1	0	0	0	0	0	0	0	0	0	0
compañer	0	0	0	0	1	0	0	0	0	0	0	0	0	0	0	0	0	0	0	0
mal	0	0	0	0	0	0	0	0	0	0	0	0	0	1	0	0	0	0	0	0
majestu	0	0	0	0	0	0	1	0	0	0	0	0	0	0	0	0	0	0	0	0
lugareñ	0	0	0	0	0	0	0	0	0	1	0	0	0	0	0	0	0	0	0	0
compil	0	0	0	0	0	0	0	0	0	0	0	0	0	0	0	1	0	0	0	0
complet	0	0	0	0	0	0	0	0	0	0	0	0	1	0	0	0	0	0	0	0
mirador	0	0	0	0	0	0	1	0	0	0	0	0	0	0	0	0	0	0	0	0
misteri	0	0	0	0	0	0	0	0	0	0	0	0	0	0	0	0	0	0	1	0
mod	0	0	0	0	0	0	0	0	0	0	1	0	0	0	0	0	0	0	0	0
necesit	0	0	0	0	0	0	0	0	0	0	0	0	0	0	1	0	0	0	0	0
ocean	0	0	0	0	0	1	0	0	0	0	0	0	0	0	0	0	0	0	0	0
observ	0	0	0	0	0	1	0	0	0	0	0	0	0	0	0	0	0	0	0	0
oasis	0	0	0	1	0	0	0	0	0	0	0	0	0	0	0	0	0	0	0	0
cantid	0	0	0	0	0	0	0	0	1	0	0	0	0	0	0	0	0	0	0	0
caracterist	0	0	0	0	0	0	0	0	0	0	0	0	0	0	1	0	0	0	0	0
demasi	0	0	0	0	0	0	0	0	0	0	0	1	0	0	0	0	0	0	0	0
nostalgi	0	0	0	0	0	0	0	0	0	0	0	0	0	0	0	0	0	0	0	1
normal	0	0	0	0	0	0	0	0	0	0	0	1	0	0	0	0	0	0	0	0
cariñ	0	0	0	0	0	0	0	0	0	0	0	0	0	0	0	0	0	0	0	1
necesari	0	0	0	0	0	0	0	0	0	0	0	0	0	0	1	0	0	0	0	0
modern	0	0	0	0	0	0	1	0	0	0	0	0	0	0	0	0	0	0	0	0
cart	0	0	0	0	0	0	0	0	0	0	0	0	0	0	0	0	0	0	0	1
natural	0	1	0	0	0	0	0	0	0	0	0	0	0	0	0	0	0	0	0	0
music	0	0	1	0	0	0	0	0	0	0	0	0	0	0	0	0	0	0	0	0
murmur	0	0	0	0	0	0	0	0	0	0	0	0	0	0	0	0	0	0	1	0
murmull	0	0	0	1	0	0	0	0	0	0	0	0	0	0	0	0	0	0	0	0
multitud	0	0	1	0	0	0	0	0	0	0	0	0	0	0	0	0	0	0	0	0
charl	0	0	0	0	0	0	0	0	0	0	1	0	0	0	0	0	0	0	0	0
movil	0	0	0	0	0	0	0	0	0	0	1	0	0	0	0	0	0	0	0	0
chil	0	0	0	0	0	0	0	0	1	0	0	0	0	0	0	0	0	0	0	0
luc	0	0	1	0	0	0	0	0	0	0	0	0	0	0	0	0	0	0	0	0
compostur	0	0	0	0	0	0	0	0	0	1	0	0	0	0	0	0	0	0	0	0
logr	1	0	0	0	0	0	0	0	0	0	0	0	0	0	0	0	0	0	0	0
ingres	1	0	0	0	0	0	0	0	0	0	0	0	0	0	0	0	0	0	0	0
inusual	0	0	0	0	0	0	0	0	1	0	0	0	0	0	0	0	0	0	0	0
construccion	0	0	0	0	0	0	0	0	0	0	0	0	0	0	0	1	0	0	0	0
interes	0	0	0	0	0	0	0	0	0	0	0	0	0	1	0	0	0	0	0	0
interaccion	0	0	0	1	0	0	0	0	0	0	0	0	0	0	0	0	0	0	0	0
intent	0	0	0	0	0	0	0	0	0	0	0	0	1	0	0	0	0	0	0	0
instant	0	0	0	0	0	0	0	0	0	0	0	0	0	0	0	0	0	1	0	0
inspir	0	0	0	0	1	0	0	0	0	0	0	0	0	0	0	0	0	0	0	0
insert	0	0	0	0	0	0	0	0	0	0	0	1	0	0	0	0	0	0	0	0
consuel	0	0	0	0	0	0	0	0	0	0	0	0	0	0	0	0	0	0	0	1
ingles	0	0	0	0	0	0	0	0	0	0	0	0	0	1	0	0	0	0	0	0
consegu	0	0	0	0	0	0	0	0	0	0	0	0	0	0	1	0	0	0	0	0
infinit	0	0	0	0	0	0	0	0	0	0	0	0	0	0	0	0	0	1	0	0
inexplor	0	0	0	0	1	0	0	0	0	0	0	0	0	0	0	0	0	0	0	0
inesper	0	0	1	0	0	0	0	0	0	0	0	0	0	0	0	0	0	0	0	0
industri	1	0	0	0	0	0	0	0	0	0	0	0	0	0	0	0	0	0	0	0
indud	0	0	0	0	0	0	0	0	0	0	0	0	0	1	0	0	0	0	0	0
indom	0	0	0	0	0	1	0	0	0	0	0	0	0	0	0	0	0	0	0	0
inclu	1	0	0	0	0	0	0	0	0	0	0	0	0	0	0	0	0	0	0	0
impresor	1	0	0	0	0	0	0	0	0	0	0	0	0	0	0	0	0	0	0	0
cont	0	0	0	0	0	0	0	0	0	0	0	0	0	0	0	0	1	0	0	0
constant	0	0	0	0	0	1	0	0	0	0	0	0	0	0	0	0	0	0	0	0
ketchup	0	0	0	0	0	0	0	0	1	0	0	0	0	0	0	0	0	0	0	0
comprend	0	0	0	0	0	0	0	0	0	1	0	0	0	0	0	0	0	0	0	0
confund	0	0	0	0	0	0	0	0	1	0	0	0	0	0	0	0	0	0	0	0
llev	0	0	0	0	1	0	0	0	0	0	0	0	0	0	0	0	0	0	0	0
comput	0	0	0	0	0	0	0	0	0	0	0	0	0	0	0	1	0	0	0	0
conferenc	0	0	0	0	0	0	0	0	0	0	0	0	1	0	0	0	0	0	0	0
lienz	0	0	0	0	0	0	0	0	0	0	0	0	0	0	0	0	0	1	0	0
lidi	0	0	0	0	0	0	0	0	0	0	0	0	0	0	0	1	0	0	0	0
conferent	0	0	0	0	0	0	0	0	0	0	1	0	0	0	0	0	0	0	0	0
leyend	0	0	0	0	0	0	0	0	0	0	0	0	0	1	0	0	0	0	0	0
letraset	1	0	0	0	0	0	0	0	0	0	0	0	0	0	0	0	0	0	0	0
configur	0	0	0	0	0	0	0	0	0	0	0	0	1	0	0	0	0	0	0	0
lengu	0	0	0	0	0	0	0	0	0	0	0	0	0	1	0	0	0	0	0	0
lagrim	0	0	0	0	0	0	0	0	0	1	0	0	0	0	0	0	0	0	0	0
lejan	0	0	0	0	1	0	0	0	0	0	0	0	0	0	0	0	0	0	0	0
legibl	0	0	0	0	0	0	0	0	0	0	0	0	0	0	0	1	0	0	0	0
leer	0	0	0	0	0	0	0	0	0	0	0	1	0	0	0	0	0	0	0	0
lector	0	0	0	0	0	0	0	0	0	0	0	1	0	0	0	0	0	0	0	0
conoc	0	0	0	0	1	0	0	0	0	0	0	0	0	0	0	0	0	0	0	0
conoci	0	0	0	0	0	0	0	0	1	0	0	0	0	0	0	0	0	0	0	0
lat	0	0	0	0	0	0	0	0	0	0	0	0	0	0	0	0	1	0	0	0
larg	0	0	0	0	0	1	0	0	0	0	0	0	0	0	0	0	0	0	0	0
consecteur	0	0	0	0	0	0	0	0	0	0	0	0	0	1	0	0	0	0	0	0
abraz	0	0	0	0	0	1	0	0	0	0	0	0	0	0	0	0	0	0	0	0
